Global Stiffness Matrix
  6.8752e+06      -626356      -943088 -1.36123e+06 -1.22544e+06            0            0            0      -928110       643014 -1.36123e+06       943086            0            0            0            0 -2.41733e+06       401486
     -626356  3.13033e+06 -1.36123e+06 -1.96477e+06            0            0            0            0       643014      -445493       943086      -653388            0            0            0            0       401486     -66681.4
     -943088 -1.36123e+06   3.2201e+06       285620            0            0            0            0            0            0 -1.65601e+06            0            0            0            0            0      -621004  1.07561e+06
-1.36123e+06 -1.96477e+06       285620  3.82777e+06            0            0            0            0            0            0            0            0            0            0            0            0  1.07561e+06 -1.86301e+06
-1.22544e+06            0            0            0   6.8752e+06       626358      -943076  1.36123e+06            0            0 -1.36123e+06      -943080      -928110      -643016 -2.41734e+06      -401490            0            0
           0            0            0            0       626358  3.13035e+06  1.36123e+06 -1.96479e+06            0            0      -943080      -653380      -643016      -445497      -401490     -66682.6            0            0
           0            0            0            0      -943076  1.36123e+06  3.22009e+06      -285620            0            0 -1.65601e+06            0            0            0      -621004 -1.07561e+06            0            0
           0            0            0            0  1.36123e+06 -1.96479e+06      -285620   3.8278e+06            0            0            0            0            0            0 -1.07561e+06 -1.86301e+06            0            0
     -928110       643014            0            0            0            0            0            0  1.54911e+06 -1.71862e+06            0            0            0            0            0            0      -621001  1.07561e+06
      643014      -445493            0            0            0            0            0            0 -1.71862e+06   2.3085e+06            0            0            0            0            0            0  1.07561e+06 -1.86301e+06
-1.36123e+06       943086 -1.65601e+06            0 -1.36123e+06      -943080 -1.65601e+06            0            0            0  6.03447e+06     -5.71623            0            0            0            0            0            0
      943086      -653388            0            0      -943080      -653380            0            0            0            0     -5.71623  1.30677e+06            0            0            0            0            0            0
           0            0            0            0      -928110      -643016            0            0            0            0            0            0  1.54911e+06  1.71862e+06      -621001 -1.07561e+06            0            0
           0            0            0            0      -643016      -445497            0            0            0            0            0            0  1.71862e+06   2.3085e+06 -1.07561e+06 -1.86301e+06            0            0
           0            0            0            0 -2.41734e+06      -401490      -621004 -1.07561e+06            0            0            0            0      -621001 -1.07561e+06  3.65935e+06  2.55271e+06            0            0
           0            0            0            0      -401490     -66682.6 -1.07561e+06 -1.86301e+06            0            0            0            0 -1.07561e+06 -1.86301e+06  2.55271e+06   3.7927e+06            0            0
-2.41733e+06       401486      -621004  1.07561e+06            0            0            0            0      -621001  1.07561e+06            0            0            0            0            0            0  3.65933e+06  -2.5527e+06
      401486     -66681.4  1.07561e+06 -1.86301e+06            0            0            0            0  1.07561e+06 -1.86301e+06            0            0            0            0            0            0  -2.5527e+06  3.79269e+06

Global Point Mass Matrix
1e-12     0     0     0     0     0     0     0     0     0     0     0     0     0     0     0     0     0
    0 1e-12     0     0     0     0     0     0     0     0     0     0     0     0     0     0     0     0
    0     0   100     0     0     0     0     0     0     0     0     0     0     0     0     0     0     0
    0     0     0   100     0     0     0     0     0     0     0     0     0     0     0     0     0     0
    0     0     0     0 1e-12     0     0     0     0     0     0     0     0     0     0     0     0     0
    0     0     0     0     0 1e-12     0     0     0     0     0     0     0     0     0     0     0     0
    0     0     0     0     0     0   100     0     0     0     0     0     0     0     0     0     0     0
    0     0     0     0     0     0     0   100     0     0     0     0     0     0     0     0     0     0
    0     0     0     0     0     0     0     0 1e-12     0     0     0     0     0     0     0     0     0
    0     0     0     0     0     0     0     0     0 1e-12     0     0     0     0     0     0     0     0
    0     0     0     0     0     0     0     0     0     0 1e-12     0     0     0     0     0     0     0
    0     0     0     0     0     0     0     0     0     0     0 1e-12     0     0     0     0     0     0
    0     0     0     0     0     0     0     0     0     0     0     0 1e-12     0     0     0     0     0
    0     0     0     0     0     0     0     0     0     0     0     0     0 1e-12     0     0     0     0
    0     0     0     0     0     0     0     0     0     0     0     0     0     0 1e-12     0     0     0
    0     0     0     0     0     0     0     0     0     0     0     0     0     0     0 1e-12     0     0
    0     0     0     0     0     0     0     0     0     0     0     0     0     0     0     0 1e-12     0
    0     0     0     0     0     0     0     0     0     0     0     0     0     0     0     0     0 1e-12

Global Consistent Mass Matrix
  62627.2  -13923.5         0         0         0         0         0         0         0         0         0         0         0         0         0         0         0         0
 -13923.5   18679.6         0         0         0         0         0         0         0         0         0         0         0         0         0         0         0         0
        0         0   23807.8  -389.037         0         0         0         0         0         0         0         0         0         0         0         0         0         0
        0         0  -389.037   15587.9         0         0         0         0         0         0         0         0         0         0         0         0         0         0
        0         0         0         0   62627.1   13923.5         0         0         0         0         0         0         0         0         0         0         0         0
        0         0         0         0   13923.5   18679.7         0         0         0         0         0         0         0         0         0         0         0         0
        0         0         0         0         0         0   23807.7   389.076         0         0         0         0         0         0         0         0         0         0
        0         0         0         0         0         0   389.076   15587.9         0         0         0         0         0         0         0         0         0         0
        0         0         0         0         0         0         0         0   17287.3  -15028.5         0         0         0         0         0         0         0         0
        0         0         0         0         0         0         0         0  -15028.5   15697.3         0         0         0         0         0         0         0         0
        0         0         0         0         0         0         0         0         0         0   54804.9 0.0129756         0         0         0         0         0         0
        0         0         0         0         0         0         0         0         0         0 0.0129756    9393.4         0         0         0         0         0         0
        0         0         0         0         0         0         0         0         0         0         0         0   17287.3   15028.5         0         0         0         0
        0         0         0         0         0         0         0         0         0         0         0         0   15028.5   15697.3         0         0         0         0
        0         0         0         0         0         0         0         0         0         0         0         0         0         0   17302.2   12069.8         0         0
        0         0         0         0         0         0         0         0         0         0         0         0         0         0   12069.8   17932.8         0         0
        0         0         0         0         0         0         0         0         0         0         0         0         0         0         0         0   17302.3  -12069.8
        0         0         0         0         0         0         0         0         0         0         0         0         0         0         0         0  -12069.8   17932.8

Global DOF Matrix
1
1
1
1
1
1
1
1
0
0
1
1
1
0
1
1
1
1

Reduced Global Stiffness Matrix
  6.8752e+06      -626356      -943088 -1.36123e+06 -1.22544e+06            0            0            0 -1.36123e+06       943086            0            0            0 -2.41733e+06       401486
     -626356  3.13033e+06 -1.36123e+06 -1.96477e+06            0            0            0            0       943086      -653388            0            0            0       401486     -66681.4
     -943088 -1.36123e+06   3.2201e+06       285620            0            0            0            0 -1.65601e+06            0            0            0            0      -621004  1.07561e+06
-1.36123e+06 -1.96477e+06       285620  3.82777e+06            0            0            0            0            0            0            0            0            0  1.07561e+06 -1.86301e+06
-1.22544e+06            0            0            0   6.8752e+06       626358      -943076  1.36123e+06 -1.36123e+06      -943080      -928110 -2.41734e+06      -401490            0            0
           0            0            0            0       626358  3.13035e+06  1.36123e+06 -1.96479e+06      -943080      -653380      -643016      -401490     -66682.6            0            0
           0            0            0            0      -943076  1.36123e+06  3.22009e+06      -285620 -1.65601e+06            0            0      -621004 -1.07561e+06            0            0
           0            0            0            0  1.36123e+06 -1.96479e+06      -285620   3.8278e+06            0            0            0 -1.07561e+06 -1.86301e+06            0            0
-1.36123e+06       943086 -1.65601e+06            0 -1.36123e+06      -943080 -1.65601e+06            0  6.03447e+06     -5.71623            0            0            0            0            0
      943086      -653388            0            0      -943080      -653380            0            0     -5.71623  1.30677e+06            0            0            0            0            0
           0            0            0            0      -928110      -643016            0            0            0            0  1.54911e+06      -621001 -1.07561e+06            0            0
           0            0            0            0 -2.41734e+06      -401490      -621004 -1.07561e+06            0            0      -621001  3.65935e+06  2.55271e+06            0            0
           0            0            0            0      -401490     -66682.6 -1.07561e+06 -1.86301e+06            0            0 -1.07561e+06  2.55271e+06   3.7927e+06            0            0
-2.41733e+06       401486      -621004  1.07561e+06            0            0            0            0            0            0            0            0            0  3.65933e+06  -2.5527e+06
      401486     -66681.4  1.07561e+06 -1.86301e+06            0            0            0            0            0            0            0            0            0  -2.5527e+06  3.79269e+06

Reduced Global Mass Matrix
  62627.2  -13923.5         0         0         0         0         0         0         0         0         0         0         0         0         0
 -13923.5   18679.6         0         0         0         0         0         0         0         0         0         0         0         0         0
        0         0   23907.8  -389.037         0         0         0         0         0         0         0         0         0         0         0
        0         0  -389.037   15687.9         0         0         0         0         0         0         0         0         0         0         0
        0         0         0         0   62627.1   13923.5         0         0         0         0         0         0         0         0         0
        0         0         0         0   13923.5   18679.7         0         0         0         0         0         0         0         0         0
        0         0         0         0         0         0   23907.7   389.076         0         0         0         0         0         0         0
        0         0         0         0         0         0   389.076   15687.9         0         0         0         0         0         0         0
        0         0         0         0         0         0         0         0   54804.9 0.0129756         0         0         0         0         0
        0         0         0         0         0         0         0         0 0.0129756    9393.4         0         0         0         0         0
        0         0         0         0         0         0         0         0         0         0   17287.3         0         0         0         0
        0         0         0         0         0         0         0         0         0         0         0   17302.2   12069.8         0         0
        0         0         0         0         0         0         0         0         0         0         0   12069.8   17932.8         0         0
        0         0         0         0         0         0         0         0         0         0         0         0         0   17302.3  -12069.8
        0         0         0         0         0         0         0         0         0         0         0         0         0  -12069.8   17932.8

Cholesky Decomposition L - Matrix
    250.254           0           0           0           0           0           0           0           0           0           0           0           0           0           0
   -55.6372     124.836           0           0           0           0           0           0           0           0           0           0           0           0           0
          0           0     154.621           0           0           0           0           0           0           0           0           0           0           0           0
          0           0    -2.51606     125.226           0           0           0           0           0           0           0           0           0           0           0
          0           0           0           0     250.254           0           0           0           0           0           0           0           0           0           0
          0           0           0           0     55.6374     124.836           0           0           0           0           0           0           0           0           0
          0           0           0           0           0           0     154.621           0           0           0           0           0           0           0           0
          0           0           0           0           0           0     2.51632     125.226           0           0           0           0           0           0           0
          0           0           0           0           0           0           0           0     234.104           0           0           0           0           0           0
          0           0           0           0           0           0           0           0 5.54264e-05     96.9195           0           0           0           0           0
          0           0           0           0           0           0           0           0           0           0     131.481           0           0           0           0
          0           0           0           0           0           0           0           0           0           0           0     131.538           0           0           0
          0           0           0           0           0           0           0           0           0           0           0     91.7594     97.5349           0           0
          0           0           0           0           0           0           0           0           0           0           0           0           0     131.538           0
          0           0           0           0           0           0           0           0           0           0           0           0           0    -91.7592     97.5351

L Inverse Matrix
  0.00399593            0            0            0            0            0            0            0            0            0            0            0            0            0            0
  0.00178091   0.00801048            0            0            0            0            0            0            0            0            0            0            0            0            0
           0            0   0.00646741            0            0            0            0            0            0            0            0            0            0            0            0
           0            0  0.000129944   0.00798556            0            0            0            0            0            0            0            0            0            0            0
           0            0            0            0   0.00399594            0            0            0            0            0            0            0            0            0            0
           0            0            0            0  -0.00178092   0.00801048            0            0            0            0            0            0            0            0            0
           0            0            0            0            0            0   0.00646742            0            0            0            0            0            0            0            0
           0            0            0            0            0            0 -0.000129958   0.00798556            0            0            0            0            0            0            0
           0            0            0            0            0            0            0            0    0.0042716            0            0            0            0            0            0
           0            0            0            0            0            0            0            0 -2.44284e-09    0.0103178            0            0            0            0            0
           0            0            0            0            0            0            0            0            0            0   0.00760566            0            0            0            0
           0            0            0            0            0            0            0            0            0            0            0   0.00760238            0            0            0
           0            0            0            0            0            0            0            0            0            0            0   -0.0071522    0.0102527            0            0
           0            0            0            0            0            0            0            0            0            0            0            0            0   0.00760236            0
           0            0            0            0            0            0            0            0            0            0            0            0            0   0.00715216    0.0102527

Z Matrix
      109.78      28.8775     -24.3725     -43.9262     -19.5672      8.72077            0            0     -23.2349      38.8829            0            0            0     -73.4349     -52.6377
     28.8775      204.801     -81.3837     -146.677     -8.72074      3.88668            0            0      21.9148     -36.6737            0            0            0     -8.27864     -5.93407
    -24.3725     -81.3837      134.688      17.4573            0            0            0            0     -45.7491   2.6163e-05            0            0            0     -30.5333      42.5969
    -43.9262     -146.677      17.4573      244.741            0            0            0            0    -0.919198  5.25671e-07            0            0            0      64.6858     -90.2431
    -19.5672     -8.72074            0            0       109.78     -28.8777     -24.3723      43.9263     -23.2349     -38.8827     -28.2069     -73.4356      52.6383            0            0
     8.72077      3.88668            0            0     -28.8777      204.802      81.3837     -146.678     -21.9145     -36.6731     -26.6045      8.27871     -5.93415            0            0
           0            0            0            0     -24.3723      81.3837      134.688     -17.4575     -45.7491   2.6163e-05            0     -30.5334      -42.597            0            0
           0            0            0            0      43.9263     -146.678     -17.4575      244.742     0.919292 -5.25725e-07            0     -64.6858     -90.2429            0            0
    -23.2349      21.9148     -45.7491    -0.919198     -23.2349     -21.9145     -45.7491     0.919292      110.108 -0.000314904            0            0            0            0            0
     38.8829     -36.6737   2.6163e-05  5.25671e-07     -38.8827     -36.6731   2.6163e-05 -5.25725e-07 -0.000314904      139.116            0            0            0            0            0
           0            0            0            0     -28.2069     -26.6045            0            0            0            0        89.61      -35.907     -50.0938            0            0
           0            0            0            0     -73.4356      8.27871     -30.5334     -64.6858            0            0      -35.907      211.496  -0.00123947            0            0
           0            0            0            0      52.6383     -5.93415      -42.597     -90.2429            0            0     -50.0938  -0.00123947      211.495            0            0
    -73.4349     -8.27864     -30.5333      64.6858            0            0            0            0            0            0            0            0            0      211.494  5.76285e-05
    -52.6377     -5.93407      42.5969     -90.2431            0            0            0            0            0            0            0            0            0  5.76285e-05      211.494

Modal Analysis Success !!!!! 
Eigen Values 
0.491901
 7.34321
 30.3202
 39.3156
 61.1679
 68.4906
 104.194
 142.523
 166.356
 257.282
 262.277
 283.091
 290.647
 426.019
 433.318

Global Eigen Vector Matrix
-0.516198  -0.41601 -0.066603  0.752848  0.175725  -0.19803  0.068692 -0.282382  0.063398 -0.174038   0.14938 -0.204089  0.062839 -0.293203  0.229858
-0.550244 -0.054144        -1  0.411936 -0.445567   0.28757  0.257691 -0.220251 -0.083069  0.138635 -0.538658 -0.328271 -0.029439 -0.791201  0.559409
-0.620549  -0.22226 -0.102859  0.302466        -1 -0.220758  0.480509 -0.158858 -0.130268 -0.112839  0.388279  0.404344  0.026131   0.20822 -0.134092
-0.440653 -0.176416 -0.865564  0.746727  0.275943  0.392515 -0.185547  0.396194 -0.094385 -0.049168 -0.037813 -0.205978  0.031206         1  -0.67444
-0.630755 -0.324767   -0.0733  -0.75905  0.258979 -0.065814  0.037792   -0.1943 -0.083968 -0.162153 -0.139491  0.040313 -0.227624 -0.178316 -0.315267
-0.459027         1 -0.027122  0.449425 -0.051252  -0.72609 -0.411641  0.128849 -0.095848 -0.181418 -0.507308  0.097107   0.31348  0.523272  0.815263
-0.515941 -0.361303  0.307731 -0.288212 -0.154921         1 -0.259732 -0.642879   0.07517 -0.156449 -0.353756  0.105796  0.373494  0.136972  0.194874
-0.349199  0.898571  0.213148  0.791339 -0.147432  0.043432 -0.448613 -0.701742 -0.195767  0.014446 -0.022767  0.003638  0.143607 -0.674625        -1
        0         0         0         0         0         0         0         0         0         0         0         0         0         0         0
        0         0         0         0         0         0         0         0         0         0         0         0         0         0         0
-0.558846 -0.174112  0.243857  0.013019 -0.353801 -0.010824 -0.372295  0.927309  0.042589  0.149446 -0.012016 -0.107911 -0.076899 -0.067546 -0.012741
-0.589394  0.568798 -0.662866 -0.920621 -0.336117 -0.243932 -0.395477   -0.7298         1  0.015083  0.826212 -0.058747  0.062066  0.024756 -0.138984
       -1  0.659713  0.241342 -0.005441  0.513766  0.363504         1         1  0.188206  0.053713 -0.031198  0.001219   0.19878 -0.088345 -0.121631
        0         0         0         0         0         0         0         0         0         0         0         0         0         0         0
-0.671073  -0.28372 -0.157302        -1  0.382033 -0.417764 -0.062819 -0.446821 -0.498823  0.963394  0.937018 -0.166668  0.635197  0.041128  0.105809
-0.226197  0.718494  0.400258   0.95924 -0.178538   0.85544  0.015356 -0.501817  0.185601 -0.452591 -0.030769 -0.000402        -1  0.294963   0.39547
-0.478545 -0.470955  0.042009  0.994428  0.498871 -0.331432 -0.027366 -0.696242  0.391803         1        -1  0.607904 -0.204118   0.09676 -0.092136
-0.317573 -0.296818 -0.446294  0.925499  0.888273   0.19315 -0.472067  0.346086  0.181287  0.540446 -0.031804         1 -0.139382 -0.377813  0.231416

Global Support Inclination Matrix
 1  0  0  0  0  0  0  0  0  0  0  0  0  0  0  0  0  0
 0  1  0  0  0  0  0  0  0  0  0  0  0  0  0  0  0  0
 0  0  1  0  0  0  0  0  0  0  0  0  0  0  0  0  0  0
 0  0  0  1  0  0  0  0  0  0  0  0  0  0  0  0  0  0
 0  0  0  0  1  0  0  0  0  0  0  0  0  0  0  0  0  0
 0  0  0  0  0  1  0  0  0  0  0  0  0  0  0  0  0  0
 0  0  0  0  0  0  1  0  0  0  0  0  0  0  0  0  0  0
 0  0  0  0  0  0  0  1  0  0  0  0  0  0  0  0  0  0
 0  0  0  0  0  0  0  0  1 -0  0  0  0  0  0  0  0  0
 0  0  0  0  0  0  0  0  0  1  0  0  0  0  0  0  0  0
 0  0  0  0  0  0  0  0  0  0  1  0  0  0  0  0  0  0
 0  0  0  0  0  0  0  0  0  0  0  1  0  0  0  0  0  0
 0  0  0  0  0  0  0  0  0  0  0  0  1 -0  0  0  0  0
 0  0  0  0  0  0  0  0  0  0  0  0  0  1  0  0  0  0
 0  0  0  0  0  0  0  0  0  0  0  0  0  0  1  0  0  0
 0  0  0  0  0  0  0  0  0  0  0  0  0  0  0  1  0  0
 0  0  0  0  0  0  0  0  0  0  0  0  0  0  0  0  1  0
 0  0  0  0  0  0  0  0  0  0  0  0  0  0  0  0  0  1

Reduced Global EigenVector Matrix
-0.516198  -0.41601 -0.066603  0.752848  0.175725  -0.19803  0.068692 -0.282382  0.063398 -0.174038   0.14938 -0.204089  0.062839 -0.293203  0.229858
-0.550244 -0.054144        -1  0.411936 -0.445567   0.28757  0.257691 -0.220251 -0.083069  0.138635 -0.538658 -0.328271 -0.029439 -0.791201  0.559409
-0.620549  -0.22226 -0.102859  0.302466        -1 -0.220758  0.480509 -0.158858 -0.130268 -0.112839  0.388279  0.404344  0.026131   0.20822 -0.134092
-0.440653 -0.176416 -0.865564  0.746727  0.275943  0.392515 -0.185547  0.396194 -0.094385 -0.049168 -0.037813 -0.205978  0.031206         1  -0.67444
-0.630755 -0.324767   -0.0733  -0.75905  0.258979 -0.065814  0.037792   -0.1943 -0.083968 -0.162153 -0.139491  0.040313 -0.227624 -0.178316 -0.315267
-0.459027         1 -0.027122  0.449425 -0.051252  -0.72609 -0.411641  0.128849 -0.095848 -0.181418 -0.507308  0.097107   0.31348  0.523272  0.815263
-0.515941 -0.361303  0.307731 -0.288212 -0.154921         1 -0.259732 -0.642879   0.07517 -0.156449 -0.353756  0.105796  0.373494  0.136972  0.194874
-0.349199  0.898571  0.213148  0.791339 -0.147432  0.043432 -0.448613 -0.701742 -0.195767  0.014446 -0.022767  0.003638  0.143607 -0.674625        -1
-0.558846 -0.174112  0.243857  0.013019 -0.353801 -0.010824 -0.372295  0.927309  0.042589  0.149446 -0.012016 -0.107911 -0.076899 -0.067546 -0.012741
-0.589394  0.568798 -0.662866 -0.920621 -0.336117 -0.243932 -0.395477   -0.7298         1  0.015083  0.826212 -0.058747  0.062066  0.024756 -0.138984
       -1  0.659713  0.241342 -0.005441  0.513766  0.363504         1         1  0.188206  0.053713 -0.031198  0.001219   0.19878 -0.088345 -0.121631
-0.671073  -0.28372 -0.157302        -1  0.382033 -0.417764 -0.062819 -0.446821 -0.498823  0.963394  0.937018 -0.166668  0.635197  0.041128  0.105809
-0.226197  0.718494  0.400258   0.95924 -0.178538   0.85544  0.015356 -0.501817  0.185601 -0.452591 -0.030769 -0.000402        -1  0.294963   0.39547
-0.478545 -0.470955  0.042009  0.994428  0.498871 -0.331432 -0.027366 -0.696242  0.391803         1        -1  0.607904 -0.204118   0.09676 -0.092136
-0.317573 -0.296818 -0.446294  0.925499  0.888273   0.19315 -0.472067  0.346086  0.181287  0.540446 -0.031804         1 -0.139382 -0.377813  0.231416

Modal Mass Matrix
      123948   -0.0288653   0.00842838   0.00133247  -0.00923181   -0.0255213  -0.00999809    0.0268453    0.0272563   0.00803633     0.025245    0.0253869    -0.020227  0.000928476   0.00182016
  -0.0288653      63678.1    -0.021497   -0.0217764  -0.00317061 -0.000794426    -0.005832     0.016248   -0.0135305   0.00152377   0.00118423    0.0294145  -0.00554776    0.0165473  -0.00356141
  0.00842838    -0.021497      46702.7    0.0379878   -0.0146553     0.018085   0.00164916   0.00602214  -0.00306398 -5.30403e-05    0.0358326  -0.00532686    0.0101351   0.00128118  -0.00621828
  0.00133247   -0.0217764    0.0379878       111649   0.00901782   -0.0146001   -0.0365199    0.0386331  -0.00902787  -0.00753323   -0.0470658   0.00987178   -0.0231858  -0.00220633   -0.0268603
 -0.00923181  -0.00317061   -0.0146553   0.00901782      59645.5    0.0060198     0.015673   -0.0308383   -0.0132711    0.0104552    0.0111042  -0.00776333    0.0234954  -0.00289496   0.00701224
  -0.0255213 -0.000794426     0.018085   -0.0146001    0.0060198      59137.5   0.00743818    0.0220451    0.0162484    0.0160165   -0.0195089     0.014106 -0.000386764    0.0252635  -0.00087903
 -0.00999809    -0.005832   0.00164916   -0.0365199     0.015673   0.00743818      44953.9    0.0017953  -0.00997957     0.015622   -0.0276175  -0.00632921  -0.00824039   0.00933053  -0.00182367
   0.0268453     0.016248   0.00602214    0.0386331   -0.0308383    0.0220451    0.0017953       126369  -0.00172427   -0.0151465   -0.0251766   -0.0244173   0.00687325    0.0199531   -0.0357579
   0.0272563   -0.0135305  -0.00306398  -0.00902787   -0.0132711    0.0162484  -0.00997957  -0.00172427      16949.3  -0.00360047   -0.0119232   0.00962114   0.00679156    0.0096738   -0.0179038
  0.00803633   0.00152377 -5.30403e-05  -0.00753323    0.0104552    0.0160165     0.015622   -0.0151465  -0.00360047      26909.7    0.0161726    0.0192042  0.000932471   0.00043395 -0.000974552
    0.025245   0.00118423    0.0358326   -0.0470658    0.0111042   -0.0195089   -0.0276175   -0.0251766   -0.0119232    0.0161726      61201.2  -0.00244091   -0.0183291 -0.000177003   -0.0105661
   0.0253869    0.0294145  -0.00532686   0.00987178  -0.00776333     0.014106  -0.00632921   -0.0244173   0.00962114    0.0192042  -0.00244091      18855.2   0.00761544    0.0147853   0.00875504
   -0.020227  -0.00554776    0.0101351   -0.0231858    0.0234954 -0.000386764  -0.00824039   0.00687325   0.00679156  0.000932471   -0.0183291   0.00761544        18146    0.0222073   0.00364494
 0.000928476    0.0165473   0.00128118  -0.00220633  -0.00289496    0.0252635   0.00933053    0.0199531    0.0096738   0.00043395 -0.000177003    0.0147853    0.0222073      45081.3  -0.00901833
  0.00182016  -0.00356141  -0.00621828   -0.0268603   0.00701224  -0.00087903  -0.00182367   -0.0357579   -0.0179038 -0.000974552   -0.0105661   0.00875504   0.00364494  -0.00901833      47072.7

Modal Stiffness Matrix
    60970.2  -0.0577066    0.330027     1.14323  -0.0243294   -0.834804   -0.190611      1.1498    0.256891     1.07813      5.1907  -0.0490165  -0.0694724    -5.32281    -2.42825
 -0.0577066      467602   -0.378722   -0.906258   -0.482833    0.258522   -0.800219     3.26756    -1.92887   0.0112548    -1.16038     1.00779    -2.55555     2.36839    -3.03741
   0.330027   -0.378722 1.41603e+06      1.4648   -0.762037    0.775023     1.08517   -0.385803    0.295697     1.16602      7.0014    -1.96395     2.44044       2.417   -0.600714
    1.14323   -0.906258      1.4648 4.38956e+06  -0.0573182    -0.98538    -1.26612     4.23102    -1.36448    0.545581    -7.27255      1.0046    -1.96788    -1.57487    -10.2291
 -0.0243294   -0.482833   -0.762037  -0.0573182 3.64839e+06    0.342901     1.53912    -4.89934   -0.625176    0.228757     2.56437    -2.18421     2.73486     1.88777    0.622113
  -0.834804    0.258522    0.775023    -0.98538    0.342901 4.05036e+06   0.0523228     3.08269     1.44114     1.60057    -2.90243  -0.0501604    -1.78315     3.83357    -3.49205
  -0.190611   -0.800219     1.08517    -1.26612     1.53912   0.0523228 4.68391e+06    0.257228    -1.05629     3.19342    -6.49409    -1.39588     -2.0277     2.10187    -2.33909
     1.1498     3.26756   -0.385803     4.23102    -4.89934     3.08269    0.257228 1.80105e+07   -0.213445    -1.72275    -4.57637    -3.96868     2.02013     5.19764    -6.17744
   0.256891    -1.92887    0.295697    -1.36448   -0.625176     1.44114    -1.05629   -0.213445 2.81962e+06    -1.20194    -2.19487     3.38501     2.31257     3.55422    -6.17172
    1.07813   0.0112548     1.16602    0.545581    0.228757     1.60057     3.19342    -1.72275    -1.20194 6.92339e+06     4.22422     5.04419   0.0844419     1.01291    -1.03911
     5.1907    -1.16038      7.0014    -7.27255     2.56437    -2.90243    -6.49409    -4.57637    -2.19487     4.22422 1.60517e+07   -0.723367     -5.2012   -0.586019    -3.17727
 -0.0490165     1.00779    -1.96395      1.0046    -2.18421  -0.0501604    -1.39588    -3.96868     3.38501     5.04419   -0.723367 5.33774e+06     2.16971      4.4006     3.62215
 -0.0694724    -2.55555     2.44044    -1.96788     2.73486    -1.78315     -2.0277     2.02013     2.31257   0.0844419     -5.2012     2.16971  5.2741e+06     8.10375     1.31397
   -5.32281     2.36839       2.417    -1.57487     1.88777     3.83357     2.10187     5.19764     3.55422     1.01291   -0.586019      4.4006     8.10375 1.92055e+07    -3.86541
   -2.42825    -3.03741   -0.600714    -10.2291    0.622113    -3.49205    -2.33909    -6.17744    -6.17172    -1.03911    -3.17727     3.62215     1.31397    -3.86541 2.03975e+07

