Global Stiffness Matrix
  6.8752e+06      -626356      -943088 -1.36123e+06 -1.22544e+06            0            0            0      -928110       643014 -1.36123e+06       943086            0            0            0            0 -2.41733e+06       401486
     -626356  3.13033e+06 -1.36123e+06 -1.96477e+06            0            0            0            0       643014      -445493       943086      -653388            0            0            0            0       401486     -66681.4
     -943088 -1.36123e+06   3.2201e+06       285620            0            0            0            0            0            0 -1.65601e+06            0            0            0            0            0      -621004  1.07561e+06
-1.36123e+06 -1.96477e+06       285620  3.82777e+06            0            0            0            0            0            0            0            0            0            0            0            0  1.07561e+06 -1.86301e+06
-1.22544e+06            0            0            0   6.8752e+06       626358      -943076  1.36123e+06            0            0 -1.36123e+06      -943080      -928110      -643016 -2.41734e+06      -401490            0            0
           0            0            0            0       626358  3.13035e+06  1.36123e+06 -1.96479e+06            0            0      -943080      -653380      -643016      -445497      -401490     -66682.6            0            0
           0            0            0            0      -943076  1.36123e+06  3.22009e+06      -285620            0            0 -1.65601e+06            0            0            0      -621004 -1.07561e+06            0            0
           0            0            0            0  1.36123e+06 -1.96479e+06      -285620   3.8278e+06            0            0            0            0            0            0 -1.07561e+06 -1.86301e+06            0            0
     -928110       643014            0            0            0            0            0            0  1.54911e+06 -1.71862e+06            0            0            0            0            0            0      -621001  1.07561e+06
      643014      -445493            0            0            0            0            0            0 -1.71862e+06   2.3085e+06            0            0            0            0            0            0  1.07561e+06 -1.86301e+06
-1.36123e+06       943086 -1.65601e+06            0 -1.36123e+06      -943080 -1.65601e+06            0            0            0  6.03447e+06     -5.71623            0            0            0            0            0            0
      943086      -653388            0            0      -943080      -653380            0            0            0            0     -5.71623  1.30677e+06            0            0            0            0            0            0
           0            0            0            0      -928110      -643016            0            0            0            0            0            0  1.54911e+06  1.71862e+06      -621001 -1.07561e+06            0            0
           0            0            0            0      -643016      -445497            0            0            0            0            0            0  1.71862e+06   2.3085e+06 -1.07561e+06 -1.86301e+06            0            0
           0            0            0            0 -2.41734e+06      -401490      -621004 -1.07561e+06            0            0            0            0      -621001 -1.07561e+06  3.65935e+06  2.55271e+06            0            0
           0            0            0            0      -401490     -66682.6 -1.07561e+06 -1.86301e+06            0            0            0            0 -1.07561e+06 -1.86301e+06  2.55271e+06   3.7927e+06            0            0
-2.41733e+06       401486      -621004  1.07561e+06            0            0            0            0      -621001  1.07561e+06            0            0            0            0            0            0  3.65933e+06  -2.5527e+06
      401486     -66681.4  1.07561e+06 -1.86301e+06            0            0            0            0  1.07561e+06 -1.86301e+06            0            0            0            0            0            0  -2.5527e+06  3.79269e+06

Global Point Mass Matrix
  0   0   0   0   0   0   0   0   0   0   0   0   0   0   0   0   0   0
  0   0   0   0   0   0   0   0   0   0   0   0   0   0   0   0   0   0
  0   0 100   0   0   0   0   0   0   0   0   0   0   0   0   0   0   0
  0   0   0 100   0   0   0   0   0   0   0   0   0   0   0   0   0   0
  0   0   0   0   0   0   0   0   0   0   0   0   0   0   0   0   0   0
  0   0   0   0   0   0   0   0   0   0   0   0   0   0   0   0   0   0
  0   0   0   0   0   0 100   0   0   0   0   0   0   0   0   0   0   0
  0   0   0   0   0   0   0 100   0   0   0   0   0   0   0   0   0   0
  0   0   0   0   0   0   0   0   0   0   0   0   0   0   0   0   0   0
  0   0   0   0   0   0   0   0   0   0   0   0   0   0   0   0   0   0
  0   0   0   0   0   0   0   0   0   0   0   0   0   0   0   0   0   0
  0   0   0   0   0   0   0   0   0   0   0   0   0   0   0   0   0   0
  0   0   0   0   0   0   0   0   0   0   0   0   0   0   0   0   0   0
  0   0   0   0   0   0   0   0   0   0   0   0   0   0   0   0   0   0
  0   0   0   0   0   0   0   0   0   0   0   0   0   0   0   0   0   0
  0   0   0   0   0   0   0   0   0   0   0   0   0   0   0   0   0   0
  0   0   0   0   0   0   0   0   0   0   0   0   0   0   0   0   0   0
  0   0   0   0   0   0   0   0   0   0   0   0   0   0   0   0   0   0

Global Consistent Mass Matrix
   0.0626272   -0.0139235            0            0            0            0            0            0            0            0            0            0            0            0            0            0            0            0
  -0.0139235    0.0186796            0            0            0            0            0            0            0            0            0            0            0            0            0            0            0            0
           0            0    0.0238078 -0.000389037            0            0            0            0            0            0            0            0            0            0            0            0            0            0
           0            0 -0.000389037    0.0155879            0            0            0            0            0            0            0            0            0            0            0            0            0            0
           0            0            0            0    0.0626271    0.0139235            0            0            0            0            0            0            0            0            0            0            0            0
           0            0            0            0    0.0139235    0.0186797            0            0            0            0            0            0            0            0            0            0            0            0
           0            0            0            0            0            0    0.0238077  0.000389076            0            0            0            0            0            0            0            0            0            0
           0            0            0            0            0            0  0.000389076    0.0155879            0            0            0            0            0            0            0            0            0            0
           0            0            0            0            0            0            0            0    0.0172873   -0.0150285            0            0            0            0            0            0            0            0
           0            0            0            0            0            0            0            0   -0.0150285    0.0156973            0            0            0            0            0            0            0            0
           0            0            0            0            0            0            0            0            0            0    0.0548049  1.29756e-08            0            0            0            0            0            0
           0            0            0            0            0            0            0            0            0            0  1.29756e-08    0.0093934            0            0            0            0            0            0
           0            0            0            0            0            0            0            0            0            0            0            0    0.0172873    0.0150285            0            0            0            0
           0            0            0            0            0            0            0            0            0            0            0            0    0.0150285    0.0156973            0            0            0            0
           0            0            0            0            0            0            0            0            0            0            0            0            0            0    0.0173022    0.0120698            0            0
           0            0            0            0            0            0            0            0            0            0            0            0            0            0    0.0120698    0.0179328            0            0
           0            0            0            0            0            0            0            0            0            0            0            0            0            0            0            0    0.0173023   -0.0120698
           0            0            0            0            0            0            0            0            0            0            0            0            0            0            0            0   -0.0120698    0.0179328

Global DOF Matrix
1
1
1
1
1
1
1
1
0
0
1
1
1
0
1
1
1
1

Reduced Global Stiffness Matrix
  6.8752e+06      -626356      -943088 -1.36123e+06 -1.22544e+06            0            0            0 -1.36123e+06       943086            0            0            0 -2.41733e+06       401486
     -626356  3.13033e+06 -1.36123e+06 -1.96477e+06            0            0            0            0       943086      -653388            0            0            0       401486     -66681.4
     -943088 -1.36123e+06   3.2201e+06       285620            0            0            0            0 -1.65601e+06            0            0            0            0      -621004  1.07561e+06
-1.36123e+06 -1.96477e+06       285620  3.82777e+06            0            0            0            0            0            0            0            0            0  1.07561e+06 -1.86301e+06
-1.22544e+06            0            0            0   6.8752e+06       626358      -943076  1.36123e+06 -1.36123e+06      -943080      -928110 -2.41734e+06      -401490            0            0
           0            0            0            0       626358  3.13035e+06  1.36123e+06 -1.96479e+06      -943080      -653380      -643016      -401490     -66682.6            0            0
           0            0            0            0      -943076  1.36123e+06  3.22009e+06      -285620 -1.65601e+06            0            0      -621004 -1.07561e+06            0            0
           0            0            0            0  1.36123e+06 -1.96479e+06      -285620   3.8278e+06            0            0            0 -1.07561e+06 -1.86301e+06            0            0
-1.36123e+06       943086 -1.65601e+06            0 -1.36123e+06      -943080 -1.65601e+06            0  6.03447e+06     -5.71623            0            0            0            0            0
      943086      -653388            0            0      -943080      -653380            0            0     -5.71623  1.30677e+06            0            0            0            0            0
           0            0            0            0      -928110      -643016            0            0            0            0  1.54911e+06      -621001 -1.07561e+06            0            0
           0            0            0            0 -2.41734e+06      -401490      -621004 -1.07561e+06            0            0      -621001  3.65935e+06  2.55271e+06            0            0
           0            0            0            0      -401490     -66682.6 -1.07561e+06 -1.86301e+06            0            0 -1.07561e+06  2.55271e+06   3.7927e+06            0            0
-2.41733e+06       401486      -621004  1.07561e+06            0            0            0            0            0            0            0            0            0  3.65933e+06  -2.5527e+06
      401486     -66681.4  1.07561e+06 -1.86301e+06            0            0            0            0            0            0            0            0            0  -2.5527e+06  3.79269e+06

Reduced Global Mass Matrix
   0.0626272   -0.0139235            0            0            0            0            0            0            0            0            0            0            0            0            0
  -0.0139235    0.0186796            0            0            0            0            0            0            0            0            0            0            0            0            0
           0            0      100.024 -0.000389037            0            0            0            0            0            0            0            0            0            0            0
           0            0 -0.000389037      100.016            0            0            0            0            0            0            0            0            0            0            0
           0            0            0            0    0.0626271    0.0139235            0            0            0            0            0            0            0            0            0
           0            0            0            0    0.0139235    0.0186797            0            0            0            0            0            0            0            0            0
           0            0            0            0            0            0      100.024  0.000389076            0            0            0            0            0            0            0
           0            0            0            0            0            0  0.000389076      100.016            0            0            0            0            0            0            0
           0            0            0            0            0            0            0            0    0.0548049  1.29756e-08            0            0            0            0            0
           0            0            0            0            0            0            0            0  1.29756e-08    0.0093934            0            0            0            0            0
           0            0            0            0            0            0            0            0            0            0    0.0172873            0            0            0            0
           0            0            0            0            0            0            0            0            0            0            0    0.0173022    0.0120698            0            0
           0            0            0            0            0            0            0            0            0            0            0    0.0120698    0.0179328            0            0
           0            0            0            0            0            0            0            0            0            0            0            0            0    0.0173023   -0.0120698
           0            0            0            0            0            0            0            0            0            0            0            0            0   -0.0120698    0.0179328

Cholesky Decomposition L - Matrix
    0.250254            0            0            0            0            0            0            0            0            0            0            0            0            0            0
  -0.0556372     0.124836            0            0            0            0            0            0            0            0            0            0            0            0            0
           0            0      10.0012            0            0            0            0            0            0            0            0            0            0            0            0
           0            0 -3.88991e-05      10.0008            0            0            0            0            0            0            0            0            0            0            0
           0            0            0            0     0.250254            0            0            0            0            0            0            0            0            0            0
           0            0            0            0    0.0556374     0.124836            0            0            0            0            0            0            0            0            0
           0            0            0            0            0            0      10.0012            0            0            0            0            0            0            0            0
           0            0            0            0            0            0   3.8903e-05      10.0008            0            0            0            0            0            0            0
           0            0            0            0            0            0            0            0     0.234104            0            0            0            0            0            0
           0            0            0            0            0            0            0            0  5.54264e-08    0.0969195            0            0            0            0            0
           0            0            0            0            0            0            0            0            0            0     0.131481            0            0            0            0
           0            0            0            0            0            0            0            0            0            0            0     0.131538            0            0            0
           0            0            0            0            0            0            0            0            0            0            0    0.0917594    0.0975349            0            0
           0            0            0            0            0            0            0            0            0            0            0            0            0     0.131538            0
           0            0            0            0            0            0            0            0            0            0            0            0            0   -0.0917592    0.0975351

L Inverse Matrix
     3.99593            0            0            0            0            0            0            0            0            0            0            0            0            0            0
     1.78091      8.01048            0            0            0            0            0            0            0            0            0            0            0            0            0
           0            0    0.0999881            0            0            0            0            0            0            0            0            0            0            0            0
           0            0  3.88914e-07    0.0999922            0            0            0            0            0            0            0            0            0            0            0
           0            0            0            0      3.99594            0            0            0            0            0            0            0            0            0            0
           0            0            0            0     -1.78092      8.01048            0            0            0            0            0            0            0            0            0
           0            0            0            0            0            0    0.0999881            0            0            0            0            0            0            0            0
           0            0            0            0            0            0 -3.88953e-07    0.0999922            0            0            0            0            0            0            0
           0            0            0            0            0            0            0            0       4.2716            0            0            0            0            0            0
           0            0            0            0            0            0            0            0 -2.44284e-06      10.3178            0            0            0            0            0
           0            0            0            0            0            0            0            0            0            0      7.60566            0            0            0            0
           0            0            0            0            0            0            0            0            0            0            0      7.60238            0            0            0
           0            0            0            0            0            0            0            0            0            0            0      -7.1522      10.2527            0            0
           0            0            0            0            0            0            0            0            0            0            0            0            0      7.60236            0
           0            0            0            0            0            0            0            0            0            0            0            0            0      7.15216      10.2527

Z Matrix
  1.0978e+08  2.88775e+07      -376807      -543898 -1.95672e+07  8.72077e+06            0            0 -2.32349e+07  3.88829e+07            0            0            0 -7.34349e+07 -5.26377e+07
 2.88775e+07  2.04801e+08 -1.25822e+06 -1.81616e+06 -8.72074e+06  3.88668e+06            0            0  2.19148e+07 -3.66737e+07            0            0            0 -8.27864e+06 -5.93407e+06
     -376807 -1.25822e+06      32193.3      2855.77            0            0            0            0      -707295     0.404488            0            0            0      -472054       658562
     -543898 -1.81616e+06      2855.77      38271.8            0            0            0            0      -2.7511   1.5733e-06            0            0            0       817651 -1.14071e+06
-1.95672e+07 -8.72074e+06            0            0   1.0978e+08 -2.88777e+07      -376802       543898 -2.32349e+07 -3.88827e+07 -2.82069e+07 -7.34356e+07  5.26383e+07            0            0
 8.72077e+06  3.88668e+06            0            0 -2.88777e+07  2.04802e+08  1.25821e+06 -1.81618e+06 -2.19145e+07 -3.66731e+07 -2.66045e+07  8.27871e+06 -5.93415e+06            0            0
           0            0            0            0      -376802  1.25821e+06      32193.2     -2855.76      -707295     0.404488            0      -472055      -658561            0            0
           0            0            0            0       543898 -1.81618e+06     -2855.76        38272      2.75137 -1.57346e-06            0      -817653  -1.1407e+06            0            0
-2.32349e+07  2.19148e+07      -707295      -2.7511 -2.32349e+07 -2.19145e+07      -707295      2.75137  1.10108e+08     -314.904            0            0            0            0            0
 3.88829e+07 -3.66737e+07     0.404488   1.5733e-06 -3.88827e+07 -3.66731e+07     0.404488 -1.57346e-06     -314.904  1.39116e+08            0            0            0            0            0
           0            0            0            0 -2.82069e+07 -2.66045e+07            0            0            0            0    8.961e+07  -3.5907e+07 -5.00938e+07            0            0
           0            0            0            0 -7.34356e+07  8.27871e+06      -472055      -817653            0            0  -3.5907e+07  2.11496e+08     -1239.47            0            0
           0            0            0            0  5.26383e+07 -5.93415e+06      -658561  -1.1407e+06            0            0 -5.00938e+07     -1239.47  2.11495e+08            0            0
-7.34349e+07 -8.27864e+06      -472054       817651            0            0            0            0            0            0            0            0            0  2.11494e+08      57.6285
-5.26377e+07 -5.93407e+06       658562 -1.14071e+06            0            0            0            0            0            0            0            0            0      57.6285  2.11494e+08

Modal Analysis Success !!!!! 
Eigen Values 
    613.032
    4072.21
    12013.2
    21630.9
1.51344e+07
 3.0211e+07
7.41888e+07
1.12012e+08
1.40038e+08
2.07804e+08
2.11507e+08
2.29875e+08
2.44828e+08
 2.6562e+08
2.82862e+08

Global Eigen Vector Matrix
 0.533616 -0.297069  0.103848  0.075431  0.156923 -0.674953  0.015065  0.323777 -0.220747  0.170725  -7.8e-05  0.144391   0.03454  0.272432  0.346428
 0.578371 -0.068232  0.717575  0.240285  0.073707  0.436391  0.083846  0.414161  -0.31185         1 -0.000472  0.997333  0.316046  0.247177  0.312926
 0.648792 -0.159686 -0.174248         1 -0.000489  0.000162  -4.6e-05     7e-05   4.5e-05  -9.4e-05  -4.6e-05  -6.8e-05  -1.7e-05    -2e-05  -2.7e-05
 0.468616 -0.163501         1 -0.339418 -0.000238     2e-05  -2.5e-05 -0.000112   6.5e-05 -0.000106     8e-05  -9.4e-05  -2.7e-05  -3.2e-05  -3.8e-05
 0.636208 -0.296719 -0.203695 -0.133123  0.672689 -0.028143  0.232283  0.327934   0.22112  0.167499 -0.000111 -0.086503 -0.115403  0.258557 -0.351983
 0.452745         1  0.138741  0.255432  0.511873  0.195684 -0.006278 -0.416134 -0.312671 -0.981506  0.000668  0.640736  0.708225 -0.191322   0.29849
  0.53678 -0.315204 -0.621682 -0.811102 -0.000504  0.000227     5e-06   7.2e-05  -4.5e-05 -0.000113         0   8.4e-05     7e-06    -2e-05   2.8e-05
  0.35391  0.987065 -0.061087 -0.153439 -0.000443 -0.000171  0.000156  0.000116   6.6e-05   6.8e-05        -0   1.8e-05 -0.000131   2.2e-05  -3.5e-05
        0         0         0         0         0         0         0         0         0         0         0         0         0         0         0
        0         0         0         0         0         0         0         0         0         0         0         0         0         0         0
 0.569604 -0.097323 -0.331444  0.041199  0.296036 -0.270266  0.127828        -1  0.000166  0.263096 -0.000134  0.039229 -0.035182 -0.036278  0.002236
   0.5896  0.466148  0.206226  0.097362   0.74619         1  0.418992  0.010311        -1 -0.014027 -0.000143        -1 -0.531556 -0.019699  0.191939
        1  0.646419 -0.263034 -0.237205         1   0.14999        -1 -0.035286 -0.002364  0.023975         0  0.288608  -0.48895 -0.063912  0.055653
        0         0         0         0         0         0         0         0         0         0         0         0         0         0         0
 0.672854 -0.252719 -0.147292 -0.030637  0.845615 -0.003652   0.47562  0.612533   0.55422  0.211099 -0.000141 -0.077316 -0.180201 -0.993427         1
 0.232114  0.735064 -0.200916 -0.361691 -0.177687  0.052599 -0.719128 -0.375134  -0.32194  0.274811 -0.000223 -0.914389         1  0.645626 -0.624932
 0.492603 -0.322598  0.084137  -0.04492  0.172365 -0.964483  0.001941  0.599561 -0.553089   0.29372 -0.166284  0.270539   0.12599        -1 -0.965141
 0.331422 -0.221906  0.598909 -0.484366  0.099539 -0.556888  0.001122  0.345995 -0.319268  0.168113        -1   0.15651  0.072797  -0.57731 -0.557191

Global Support Inclination Matrix
 1  0  0  0  0  0  0  0  0  0  0  0  0  0  0  0  0  0
 0  1  0  0  0  0  0  0  0  0  0  0  0  0  0  0  0  0
 0  0  1  0  0  0  0  0  0  0  0  0  0  0  0  0  0  0
 0  0  0  1  0  0  0  0  0  0  0  0  0  0  0  0  0  0
 0  0  0  0  1  0  0  0  0  0  0  0  0  0  0  0  0  0
 0  0  0  0  0  1  0  0  0  0  0  0  0  0  0  0  0  0
 0  0  0  0  0  0  1  0  0  0  0  0  0  0  0  0  0  0
 0  0  0  0  0  0  0  1  0  0  0  0  0  0  0  0  0  0
 0  0  0  0  0  0  0  0  1 -0  0  0  0  0  0  0  0  0
 0  0  0  0  0  0  0  0  0  1  0  0  0  0  0  0  0  0
 0  0  0  0  0  0  0  0  0  0  1  0  0  0  0  0  0  0
 0  0  0  0  0  0  0  0  0  0  0  1  0  0  0  0  0  0
 0  0  0  0  0  0  0  0  0  0  0  0  1 -0  0  0  0  0
 0  0  0  0  0  0  0  0  0  0  0  0  0  1  0  0  0  0
 0  0  0  0  0  0  0  0  0  0  0  0  0  0  1  0  0  0
 0  0  0  0  0  0  0  0  0  0  0  0  0  0  0  1  0  0
 0  0  0  0  0  0  0  0  0  0  0  0  0  0  0  0  1  0
 0  0  0  0  0  0  0  0  0  0  0  0  0  0  0  0  0  1

Reduced Global EigenVector Matrix
 0.533616 -0.297069  0.103848  0.075431  0.156923 -0.674953  0.015065  0.323777 -0.220747  0.170725  -7.8e-05  0.144391   0.03454  0.272432  0.346428
 0.578371 -0.068232  0.717575  0.240285  0.073707  0.436391  0.083846  0.414161  -0.31185         1 -0.000472  0.997333  0.316046  0.247177  0.312926
 0.648792 -0.159686 -0.174248         1 -0.000489  0.000162  -4.6e-05     7e-05   4.5e-05  -9.4e-05  -4.6e-05  -6.8e-05  -1.7e-05    -2e-05  -2.7e-05
 0.468616 -0.163501         1 -0.339418 -0.000238     2e-05  -2.5e-05 -0.000112   6.5e-05 -0.000106     8e-05  -9.4e-05  -2.7e-05  -3.2e-05  -3.8e-05
 0.636208 -0.296719 -0.203695 -0.133123  0.672689 -0.028143  0.232283  0.327934   0.22112  0.167499 -0.000111 -0.086503 -0.115403  0.258557 -0.351983
 0.452745         1  0.138741  0.255432  0.511873  0.195684 -0.006278 -0.416134 -0.312671 -0.981506  0.000668  0.640736  0.708225 -0.191322   0.29849
  0.53678 -0.315204 -0.621682 -0.811102 -0.000504  0.000227     5e-06   7.2e-05  -4.5e-05 -0.000113         0   8.4e-05     7e-06    -2e-05   2.8e-05
  0.35391  0.987065 -0.061087 -0.153439 -0.000443 -0.000171  0.000156  0.000116   6.6e-05   6.8e-05        -0   1.8e-05 -0.000131   2.2e-05  -3.5e-05
 0.569604 -0.097323 -0.331444  0.041199  0.296036 -0.270266  0.127828        -1  0.000166  0.263096 -0.000134  0.039229 -0.035182 -0.036278  0.002236
   0.5896  0.466148  0.206226  0.097362   0.74619         1  0.418992  0.010311        -1 -0.014027 -0.000143        -1 -0.531556 -0.019699  0.191939
        1  0.646419 -0.263034 -0.237205         1   0.14999        -1 -0.035286 -0.002364  0.023975         0  0.288608  -0.48895 -0.063912  0.055653
 0.672854 -0.252719 -0.147292 -0.030637  0.845615 -0.003652   0.47562  0.612533   0.55422  0.211099 -0.000141 -0.077316 -0.180201 -0.993427         1
 0.232114  0.735064 -0.200916 -0.361691 -0.177687  0.052599 -0.719128 -0.375134  -0.32194  0.274811 -0.000223 -0.914389         1  0.645626 -0.624932
 0.492603 -0.322598  0.084137  -0.04492  0.172365 -0.964483  0.001941  0.599561 -0.553089   0.29372 -0.166284  0.270539   0.12599        -1 -0.965141
 0.331422 -0.221906  0.598909 -0.484366  0.099539 -0.556888  0.001122  0.345995 -0.319268  0.168113        -1   0.15651  0.072797  -0.57731 -0.557191

Modal Mass Matrix
      105.52 -3.60755e-05  5.48693e-05 -7.80902e-06   -2.204e-05 -4.68866e-05 -2.23781e-05 -1.66942e-05  6.55267e-07   1.3527e-05  7.67355e-06  8.95644e-06  6.09987e-06 -1.52083e-05 -2.26515e-06
-3.60755e-05      112.645 -3.79265e-05 -9.22079e-05 -2.94239e-05  5.08271e-05  1.33982e-05 -4.80584e-05  3.75339e-05 -3.14541e-05  2.45256e-06  7.76883e-06   4.0452e-05 -2.81771e-05 -5.51815e-05
 5.48693e-05 -3.79265e-05      142.109 -2.43033e-05 -6.24845e-05 -1.29474e-05   1.4968e-05 -1.17762e-05 -3.01486e-05 -6.72259e-05  3.80609e-05 -4.44599e-05  2.46448e-05   4.8019e-05  3.43649e-05
-7.80902e-06 -9.22079e-05 -2.43033e-05      179.715 -5.21527e-06   1.1149e-06  3.11078e-06 -3.86112e-05  -2.7526e-05  1.42651e-05 -1.33782e-05 -5.57405e-05 -7.74226e-05  3.36565e-05 -5.14472e-05
  -2.204e-05 -2.94239e-05 -6.24845e-05 -5.21527e-06    0.0811278  6.18241e-08  1.73525e-08  2.74773e-08 -1.81898e-09 -2.80732e-08 -1.90161e-08  4.80949e-09  1.93837e-08  4.31277e-08 -1.15959e-08
-4.68866e-05  5.08271e-05 -1.29474e-05   1.1149e-06  6.18241e-08    0.0634337 -1.40164e-09  2.32978e-09 -2.71461e-08  4.38647e-08 -7.38886e-09  9.91783e-09 -4.24701e-08  1.61947e-08  1.73189e-08
-2.23781e-05  1.33982e-05   1.4968e-05  3.11078e-06  1.73525e-08 -1.40164e-09    0.0282155  2.00262e-08  1.35287e-08 -8.67659e-09 -2.15779e-09  1.46501e-08  1.26738e-08  1.38744e-08 -2.56451e-08
-1.66942e-05 -4.80584e-05 -1.17762e-05 -3.86112e-05  2.74773e-08  2.32978e-09  2.00262e-08    0.0738631  1.99482e-08  1.91859e-08  2.70911e-08  1.05212e-08   9.2718e-09 -1.78322e-08  5.28093e-09
 6.55267e-07  3.75339e-05 -3.01486e-05  -2.7526e-05 -1.81898e-09 -2.71461e-08  1.35287e-08  1.99482e-08    0.0210334  1.76641e-08 -1.24246e-08 -6.15816e-09  5.31733e-09  1.35216e-08  -5.8824e-09
  1.3527e-05 -3.14541e-05 -6.72259e-05  1.42651e-05 -2.80732e-08  4.38647e-08 -8.67659e-09  1.91859e-08  1.76641e-08    0.0390673 -4.13407e-09  7.26776e-09  5.64681e-09  -1.0795e-08  1.11508e-08
 7.67355e-06  2.45256e-06  3.80609e-05 -1.33782e-05 -1.90161e-08 -7.38886e-09 -2.15779e-09  2.70911e-08 -1.24246e-08 -4.13407e-09    0.0143981  5.12699e-09 -1.37058e-08  5.34231e-09  1.22933e-08
 8.95644e-06  7.76883e-06 -4.44599e-05 -5.57405e-05  4.80949e-09  9.91783e-09  1.46501e-08  1.05212e-08 -6.15816e-09  7.26776e-09  5.12699e-09    0.0508768   5.9007e-09  1.55407e-08 -3.34785e-09
 6.09987e-06   4.0452e-05  2.46448e-05 -7.74226e-05  1.93837e-08 -4.24701e-08  1.26738e-08   9.2718e-09  5.31733e-09  5.64681e-09 -1.37058e-08   5.9007e-09    0.0307137   2.9035e-08 -2.02451e-09
-1.52083e-05 -2.81771e-05   4.8019e-05  3.36565e-05  4.31277e-08  1.61947e-08  1.38744e-08 -1.78322e-08  1.35216e-08  -1.0795e-08  5.34231e-09  1.55407e-08   2.9035e-08    0.0259645 -2.17079e-08
-2.26515e-06 -5.51815e-05  3.43649e-05 -5.14472e-05 -1.15959e-08  1.73189e-08 -2.56451e-08  5.28093e-09  -5.8824e-09  1.11508e-08  1.22933e-08 -3.34785e-09 -2.02451e-09 -2.17079e-08    0.0311473

Modal Stiffness Matrix
      64687  -0.0987331    0.687738    0.351453   0.0135178    0.664064   -0.351102    -2.29163   -0.114617   -0.122496     1.12353     4.57435   -0.138473    -2.31923    -2.43842
 -0.0987331      458713   -0.658895    -1.19475   0.0247921     -1.2057    0.786678     1.19832    -0.21869   -0.084468    0.460529     2.28519    -2.44422     2.52112    0.613532
   0.687738   -0.658895 1.70718e+06   -0.388393   -0.934832   -0.324368    0.422892     2.11458   -0.922882    -0.27772    0.569171    -3.76655     1.19671     1.53813     5.27881
   0.351453    -1.19475   -0.388393 3.88741e+06    0.438128    0.296372   0.0499862    0.881491   -0.961223    -3.73592   -0.735554     2.21051     -1.8941     4.21672    -2.45869
  0.0135178   0.0247921   -0.934832    0.438128 1.22782e+06      1.3817    0.355041     1.55268    -1.25496     -1.8149   -0.565086     2.75622     2.77319    0.435409   -0.828364
   0.664064     -1.2057   -0.324368    0.296372      1.3817 1.91639e+06   -0.197443    -1.27259    -2.15299     4.68975    0.811648     3.32626    -1.75889    0.503126     2.94348
  -0.351102    0.786678    0.422892   0.0499862    0.355041   -0.197443 2.09327e+06     2.60778     1.70064    0.513923   -0.558904    0.338765     1.69471     2.34306    -2.05674
   -2.29163     1.19832     2.11458    0.881491     1.55268    -1.27259     2.60778 8.27355e+06     2.22136    0.913833     2.68007     2.39347      1.8589     -2.6264   0.0176128
  -0.114617    -0.21869   -0.922882   -0.961223    -1.25496    -2.15299     1.70064     2.22136 2.94547e+06     4.12285    -2.15558    -1.28888    0.907919     2.78129   0.0816253
  -0.122496   -0.084468    -0.27772    -3.73592     -1.8149     4.68975    0.513923    0.913833     4.12285 8.11834e+06   -0.854238      1.2799     1.54002    -2.41638     3.32684
    1.12353    0.460529    0.569171   -0.735554   -0.565086    0.811648   -0.558904     2.68007    -2.15558   -0.854238 3.04529e+06      1.0604    -3.35243     1.46826     2.72419
    4.57435     2.28519    -3.76655     2.21051     2.75622     3.32626    0.338765     2.39347    -1.28888      1.2799      1.0604 1.16953e+07     1.34024     3.88103   -0.869887
  -0.138473    -2.44422     1.19671     -1.8941     2.77319    -1.75889     1.69471      1.8589    0.907919     1.54002    -3.35243     1.34024 7.51956e+06     7.51505   -0.600803
   -2.31923     2.52112     1.53813     4.21672    0.435409    0.503126     2.34306     -2.6264     2.78129    -2.41638     1.46826     3.88103     7.51505 6.89669e+06    -5.97991
   -2.43842    0.613532     5.27881    -2.45869   -0.828364     2.94348    -2.05674   0.0176128   0.0816253     3.32684     2.72419   -0.869887   -0.600803    -5.97991  8.8104e+06

