Global Stiffness Matrix
      621002 -3.80254e-11      -621002  3.80254e-11            0            0            0            0
-3.80254e-11  2.32838e-27  3.80254e-11 -2.32838e-27            0            0            0            0
     -621002  3.80254e-11    1.035e+06 -6.33757e-11      -414001  2.53503e-11            0            0
 3.80254e-11 -2.32838e-27 -6.33757e-11  3.88064e-27  2.53503e-11 -1.55226e-27            0            0
           0            0      -414001  2.53503e-11  1.65601e+06 -1.01401e-10   -1.242e+06  7.60508e-11
           0            0  2.53503e-11 -1.55226e-27 -1.01401e-10  6.20903e-27  7.60508e-11 -4.65677e-27
           0            0            0            0   -1.242e+06  7.60508e-11    1.242e+06 -7.60508e-11
           0            0            0            0  7.60508e-11 -4.65677e-27 -7.60508e-11  4.65677e-27

Global Point Mass Matrix
 1e-12      0      0      0      0      0      0      0
     0  1e-12      0      0      0      0      0      0
     0      0  1e-12      0      0      0      0      0
     0      0      0  1e-12      0      0      0      0
     0      0      0      0 100000      0      0      0
     0      0      0      0      0 100000      0      0
     0      0      0      0      0      0  1e-12      0
     0      0      0      0      0      0      0  1e-12

Global DOF Matrix
0
0
1
0
1
0
0
0

Reduced Global Stiffness Matrix
  1.035e+06     -414001
    -414001 1.65601e+06

Reduced Global Mass Matrix
 1e-12      0
     0 100000

Cholesky Decomposition L - Matrix
  1e-06       0
      0 316.228

L Inverse Matrix
     1e+06          0
         0 0.00316228

Z Matrix
   1.035e+18 -1.30919e+09
-1.30919e+09      16.5601

Modal Analysis Success !!!!! 
Eigen Values 
   14.904
1.035e+18

Global Eigen Vector Matrix
  0   0
  0   0
0.4   1
  0   0
  1  -0
  0   0
  0   0
  0   0

Global Support Inclination Matrix
6.12323e-17           1           0           0           0           0           0           0
         -1 6.12323e-17           0           0           0           0           0           0
          0           0 6.12323e-17           1           0           0           0           0
          0           0          -1 6.12323e-17           0           0           0           0
          0           0           0           0 6.12323e-17           1           0           0
          0           0           0           0          -1 6.12323e-17           0           0
          0           0           0           0           0           0 6.12323e-17           1
          0           0           0           0           0           0          -1 6.12323e-17

Reduced Global EigenVector Matrix
0.4   1
  1  -0

Modal Mass Matrix
100000  4e-13
 4e-13  1e-12

Modal Stiffness Matrix
1.4904e+06          0
         0  1.035e+06

