Global Stiffness Matrix
  6.8752e+06      -626356      -943088 -1.36123e+06 -1.22544e+06            0            0            0      -928110       643014 -1.36123e+06       943086            0            0            0            0 -2.41733e+06       401486
     -626356  3.13033e+06 -1.36123e+06 -1.96477e+06            0            0            0            0       643014      -445493       943086      -653388            0            0            0            0       401486     -66681.4
     -943088 -1.36123e+06   3.2201e+06       285620            0            0            0            0            0            0 -1.65601e+06            0            0            0            0            0      -621004  1.07561e+06
-1.36123e+06 -1.96477e+06       285620  3.82777e+06            0            0            0            0            0            0            0            0            0            0            0            0  1.07561e+06 -1.86301e+06
-1.22544e+06            0            0            0   6.8752e+06       626358      -943076  1.36123e+06            0            0 -1.36123e+06      -943080      -928110      -643016 -2.41734e+06      -401490            0            0
           0            0            0            0       626358  3.13035e+06  1.36123e+06 -1.96479e+06            0            0      -943080      -653380      -643016      -445497      -401490     -66682.6            0            0
           0            0            0            0      -943076  1.36123e+06  3.22009e+06      -285620            0            0 -1.65601e+06            0            0            0      -621004 -1.07561e+06            0            0
           0            0            0            0  1.36123e+06 -1.96479e+06      -285620   3.8278e+06            0            0            0            0            0            0 -1.07561e+06 -1.86301e+06            0            0
     -928110       643014            0            0            0            0            0            0  1.54911e+06 -1.71862e+06            0            0            0            0            0            0      -621001  1.07561e+06
      643014      -445493            0            0            0            0            0            0 -1.71862e+06   2.3085e+06            0            0            0            0            0            0  1.07561e+06 -1.86301e+06
-1.36123e+06       943086 -1.65601e+06            0 -1.36123e+06      -943080 -1.65601e+06            0            0            0  6.03447e+06     -5.71623            0            0            0            0            0            0
      943086      -653388            0            0      -943080      -653380            0            0            0            0     -5.71623  1.30677e+06            0            0            0            0            0            0
           0            0            0            0      -928110      -643016            0            0            0            0            0            0  1.54911e+06  1.71862e+06      -621001 -1.07561e+06            0            0
           0            0            0            0      -643016      -445497            0            0            0            0            0            0  1.71862e+06   2.3085e+06 -1.07561e+06 -1.86301e+06            0            0
           0            0            0            0 -2.41734e+06      -401490      -621004 -1.07561e+06            0            0            0            0      -621001 -1.07561e+06  3.65935e+06  2.55271e+06            0            0
           0            0            0            0      -401490     -66682.6 -1.07561e+06 -1.86301e+06            0            0            0            0 -1.07561e+06 -1.86301e+06  2.55271e+06   3.7927e+06            0            0
-2.41733e+06       401486      -621004  1.07561e+06            0            0            0            0      -621001  1.07561e+06            0            0            0            0            0            0  3.65933e+06  -2.5527e+06
      401486     -66681.4  1.07561e+06 -1.86301e+06            0            0            0            0  1.07561e+06 -1.86301e+06            0            0            0            0            0            0  -2.5527e+06  3.79269e+06

Global Point Mass Matrix
  0   0   0   0   0   0   0   0   0   0   0   0   0   0   0   0   0   0
  0   0   0   0   0   0   0   0   0   0   0   0   0   0   0   0   0   0
  0   0 100   0   0   0   0   0   0   0   0   0   0   0   0   0   0   0
  0   0   0 100   0   0   0   0   0   0   0   0   0   0   0   0   0   0
  0   0   0   0   0   0   0   0   0   0   0   0   0   0   0   0   0   0
  0   0   0   0   0   0   0   0   0   0   0   0   0   0   0   0   0   0
  0   0   0   0   0   0 100   0   0   0   0   0   0   0   0   0   0   0
  0   0   0   0   0   0   0 100   0   0   0   0   0   0   0   0   0   0
  0   0   0   0   0   0   0   0   0   0   0   0   0   0   0   0   0   0
  0   0   0   0   0   0   0   0   0   0   0   0   0   0   0   0   0   0
  0   0   0   0   0   0   0   0   0   0   0   0   0   0   0   0   0   0
  0   0   0   0   0   0   0   0   0   0   0   0   0   0   0   0   0   0
  0   0   0   0   0   0   0   0   0   0   0   0   0   0   0   0   0   0
  0   0   0   0   0   0   0   0   0   0   0   0   0   0   0   0   0   0
  0   0   0   0   0   0   0   0   0   0   0   0   0   0   0   0   0   0
  0   0   0   0   0   0   0   0   0   0   0   0   0   0   0   0   0   0
  0   0   0   0   0   0   0   0   0   0   0   0   0   0   0   0   0   0
  0   0   0   0   0   0   0   0   0   0   0   0   0   0   0   0   0   0

Global Consistent Mass Matrix
   0.0626272   -0.0139235            0            0            0            0            0            0            0            0            0            0            0            0            0            0            0            0
  -0.0139235    0.0186796            0            0            0            0            0            0            0            0            0            0            0            0            0            0            0            0
           0            0    0.0238078 -0.000389037            0            0            0            0            0            0            0            0            0            0            0            0            0            0
           0            0 -0.000389037    0.0155879            0            0            0            0            0            0            0            0            0            0            0            0            0            0
           0            0            0            0    0.0626271    0.0139235            0            0            0            0            0            0            0            0            0            0            0            0
           0            0            0            0    0.0139235    0.0186797            0            0            0            0            0            0            0            0            0            0            0            0
           0            0            0            0            0            0    0.0238077  0.000389076            0            0            0            0            0            0            0            0            0            0
           0            0            0            0            0            0  0.000389076    0.0155879            0            0            0            0            0            0            0            0            0            0
           0            0            0            0            0            0            0            0    0.0172873   -0.0150285            0            0            0            0            0            0            0            0
           0            0            0            0            0            0            0            0   -0.0150285    0.0156973            0            0            0            0            0            0            0            0
           0            0            0            0            0            0            0            0            0            0    0.0548049  1.29756e-08            0            0            0            0            0            0
           0            0            0            0            0            0            0            0            0            0  1.29756e-08    0.0093934            0            0            0            0            0            0
           0            0            0            0            0            0            0            0            0            0            0            0    0.0172873    0.0150285            0            0            0            0
           0            0            0            0            0            0            0            0            0            0            0            0    0.0150285    0.0156973            0            0            0            0
           0            0            0            0            0            0            0            0            0            0            0            0            0            0    0.0173022    0.0120698            0            0
           0            0            0            0            0            0            0            0            0            0            0            0            0            0    0.0120698    0.0179328            0            0
           0            0            0            0            0            0            0            0            0            0            0            0            0            0            0            0    0.0173023   -0.0120698
           0            0            0            0            0            0            0            0            0            0            0            0            0            0            0            0   -0.0120698    0.0179328

Global DOF Matrix
1
1
1
1
1
1
1
1
0
0
1
1
1
0
1
1
1
1

Reduced Global Stiffness Matrix
  6.8752e+06      -626356      -943088 -1.36123e+06 -1.22544e+06            0            0            0 -1.36123e+06       943086            0            0            0 -2.41733e+06       401486
     -626356  3.13033e+06 -1.36123e+06 -1.96477e+06            0            0            0            0       943086      -653388            0            0            0       401486     -66681.4
     -943088 -1.36123e+06   3.2201e+06       285620            0            0            0            0 -1.65601e+06            0            0            0            0      -621004  1.07561e+06
-1.36123e+06 -1.96477e+06       285620  3.82777e+06            0            0            0            0            0            0            0            0            0  1.07561e+06 -1.86301e+06
-1.22544e+06            0            0            0   6.8752e+06       626358      -943076  1.36123e+06 -1.36123e+06      -943080      -928110 -2.41734e+06      -401490            0            0
           0            0            0            0       626358  3.13035e+06  1.36123e+06 -1.96479e+06      -943080      -653380      -643016      -401490     -66682.6            0            0
           0            0            0            0      -943076  1.36123e+06  3.22009e+06      -285620 -1.65601e+06            0            0      -621004 -1.07561e+06            0            0
           0            0            0            0  1.36123e+06 -1.96479e+06      -285620   3.8278e+06            0            0            0 -1.07561e+06 -1.86301e+06            0            0
-1.36123e+06       943086 -1.65601e+06            0 -1.36123e+06      -943080 -1.65601e+06            0  6.03447e+06     -5.71623            0            0            0            0            0
      943086      -653388            0            0      -943080      -653380            0            0     -5.71623  1.30677e+06            0            0            0            0            0
           0            0            0            0      -928110      -643016            0            0            0            0  1.54911e+06      -621001 -1.07561e+06            0            0
           0            0            0            0 -2.41734e+06      -401490      -621004 -1.07561e+06            0            0      -621001  3.65935e+06  2.55271e+06            0            0
           0            0            0            0      -401490     -66682.6 -1.07561e+06 -1.86301e+06            0            0 -1.07561e+06  2.55271e+06   3.7927e+06            0            0
-2.41733e+06       401486      -621004  1.07561e+06            0            0            0            0            0            0            0            0            0  3.65933e+06  -2.5527e+06
      401486     -66681.4  1.07561e+06 -1.86301e+06            0            0            0            0            0            0            0            0            0  -2.5527e+06  3.79269e+06

Reduced Global Mass Matrix
   0.0626272   -0.0139235            0            0            0            0            0            0            0            0            0            0            0            0            0
  -0.0139235    0.0186796            0            0            0            0            0            0            0            0            0            0            0            0            0
           0            0      100.024 -0.000389037            0            0            0            0            0            0            0            0            0            0            0
           0            0 -0.000389037      100.016            0            0            0            0            0            0            0            0            0            0            0
           0            0            0            0    0.0626271    0.0139235            0            0            0            0            0            0            0            0            0
           0            0            0            0    0.0139235    0.0186797            0            0            0            0            0            0            0            0            0
           0            0            0            0            0            0      100.024  0.000389076            0            0            0            0            0            0            0
           0            0            0            0            0            0  0.000389076      100.016            0            0            0            0            0            0            0
           0            0            0            0            0            0            0            0    0.0548049  1.29756e-08            0            0            0            0            0
           0            0            0            0            0            0            0            0  1.29756e-08    0.0093934            0            0            0            0            0
           0            0            0            0            0            0            0            0            0            0    0.0172873            0            0            0            0
           0            0            0            0            0            0            0            0            0            0            0    0.0173022    0.0120698            0            0
           0            0            0            0            0            0            0            0            0            0            0    0.0120698    0.0179328            0            0
           0            0            0            0            0            0            0            0            0            0            0            0            0    0.0173023   -0.0120698
           0            0            0            0            0            0            0            0            0            0            0            0            0   -0.0120698    0.0179328

Cholesky Decomposition L - Matrix
    0.250254            0            0            0            0            0            0            0            0            0            0            0            0            0            0
  -0.0556372     0.124836            0            0            0            0            0            0            0            0            0            0            0            0            0
           0            0      10.0012            0            0            0            0            0            0            0            0            0            0            0            0
           0            0 -3.88991e-05      10.0008            0            0            0            0            0            0            0            0            0            0            0
           0            0            0            0     0.250254            0            0            0            0            0            0            0            0            0            0
           0            0            0            0    0.0556374     0.124836            0            0            0            0            0            0            0            0            0
           0            0            0            0            0            0      10.0012            0            0            0            0            0            0            0            0
           0            0            0            0            0            0   3.8903e-05      10.0008            0            0            0            0            0            0            0
           0            0            0            0            0            0            0            0     0.234104            0            0            0            0            0            0
           0            0            0            0            0            0            0            0  5.54264e-08    0.0969195            0            0            0            0            0
           0            0            0            0            0            0            0            0            0            0     0.131481            0            0            0            0
           0            0            0            0            0            0            0            0            0            0            0     0.131538            0            0            0
           0            0            0            0            0            0            0            0            0            0            0    0.0917594    0.0975349            0            0
           0            0            0            0            0            0            0            0            0            0            0            0            0     0.131538            0
           0            0            0            0            0            0            0            0            0            0            0            0            0   -0.0917592    0.0975351

L Inverse Matrix
     3.99593            0            0            0            0            0            0            0            0            0            0            0            0            0            0
     1.78091      8.01048            0            0            0            0            0            0            0            0            0            0            0            0            0
           0            0    0.0999881            0            0            0            0            0            0            0            0            0            0            0            0
           0            0  3.88914e-07    0.0999922            0            0            0            0            0            0            0            0            0            0            0
           0            0            0            0      3.99594            0            0            0            0            0            0            0            0            0            0
           0            0            0            0     -1.78092      8.01048            0            0            0            0            0            0            0            0            0
           0            0            0            0            0            0    0.0999881            0            0            0            0            0            0            0            0
           0            0            0            0            0            0 -3.88953e-07    0.0999922            0            0            0            0            0            0            0
           0            0            0            0            0            0            0            0       4.2716            0            0            0            0            0            0
           0            0            0            0            0            0            0            0 -2.44284e-06      10.3178            0            0            0            0            0
           0            0            0            0            0            0            0            0            0            0      7.60566            0            0            0            0
           0            0            0            0            0            0            0            0            0            0            0      7.60238            0            0            0
           0            0            0            0            0            0            0            0            0            0            0      -7.1522      10.2527            0            0
           0            0            0            0            0            0            0            0            0            0            0            0            0      7.60236            0
           0            0            0            0            0            0            0            0            0            0            0            0            0      7.15216      10.2527

Z Matrix
  1.0978e+08  2.88775e+07      -376807      -543898 -1.95672e+07  8.72077e+06            0            0 -2.32349e+07  3.88829e+07            0            0            0 -7.34349e+07 -5.26377e+07
 2.88775e+07  2.04801e+08 -1.25822e+06 -1.81616e+06 -8.72074e+06  3.88668e+06            0            0  2.19148e+07 -3.66737e+07            0            0            0 -8.27864e+06 -5.93407e+06
     -376807 -1.25822e+06      32193.3      2855.77            0            0            0            0      -707295     0.404488            0            0            0      -472054       658562
     -543898 -1.81616e+06      2855.77      38271.8            0            0            0            0      -2.7511   1.5733e-06            0            0            0       817651 -1.14071e+06
-1.95672e+07 -8.72074e+06            0            0   1.0978e+08 -2.88777e+07      -376802       543898 -2.32349e+07 -3.88827e+07 -2.82069e+07 -7.34356e+07  5.26383e+07            0            0
 8.72077e+06  3.88668e+06            0            0 -2.88777e+07  2.04802e+08  1.25821e+06 -1.81618e+06 -2.19145e+07 -3.66731e+07 -2.66045e+07  8.27871e+06 -5.93415e+06            0            0
           0            0            0            0      -376802  1.25821e+06      32193.2     -2855.76      -707295     0.404488            0      -472055      -658561            0            0
           0            0            0            0       543898 -1.81618e+06     -2855.76        38272      2.75137 -1.57346e-06            0      -817653  -1.1407e+06            0            0
-2.32349e+07  2.19148e+07      -707295      -2.7511 -2.32349e+07 -2.19145e+07      -707295      2.75137  1.10108e+08     -314.904            0            0            0            0            0
 3.88829e+07 -3.66737e+07     0.404488   1.5733e-06 -3.88827e+07 -3.66731e+07     0.404488 -1.57346e-06     -314.904  1.39116e+08            0            0            0            0            0
           0            0            0            0 -2.82069e+07 -2.66045e+07            0            0            0            0    8.961e+07  -3.5907e+07 -5.00938e+07            0            0
           0            0            0            0 -7.34356e+07  8.27871e+06      -472055      -817653            0            0  -3.5907e+07  2.11496e+08     -1239.47            0            0
           0            0            0            0  5.26383e+07 -5.93415e+06      -658561  -1.1407e+06            0            0 -5.00938e+07     -1239.47  2.11495e+08            0            0
-7.34349e+07 -8.27864e+06      -472054       817651            0            0            0            0            0            0            0            0            0  2.11494e+08      57.6285
-5.26377e+07 -5.93407e+06       658562 -1.14071e+06            0            0            0            0            0            0            0            0            0      57.6285  2.11494e+08

Modal Analysis Success !!!!! 
Eigen Values 
    613.032
    4072.21
    12013.2
    21630.9
1.51344e+07
 3.0211e+07
7.41888e+07
1.12012e+08
1.40038e+08
2.07804e+08
2.11507e+08
2.29875e+08
2.44828e+08
 2.6562e+08
2.82862e+08

Global Eigen Vector Matrix
 0.533616 -0.297069  0.103848  0.075431  0.156923 -0.674953  0.015065  0.323777 -0.220747  0.170725  -7.8e-05  0.144391   0.03454  0.272432  0.346428
 0.578371 -0.068232  0.717575  0.240285  0.073707  0.436391  0.083846  0.414161  -0.31185         1 -0.000472  0.997333  0.316046  0.247177  0.312926
 0.648792 -0.159686 -0.174248         1 -0.000489  0.000162  -4.6e-05     7e-05   4.5e-05  -9.4e-05  -4.6e-05  -6.8e-05  -1.7e-05    -2e-05  -2.7e-05
 0.468616 -0.163501         1 -0.339418 -0.000238     2e-05  -2.5e-05 -0.000112   6.5e-05 -0.000106     8e-05  -9.4e-05  -2.7e-05  -3.2e-05  -3.8e-05
 0.636208 -0.296719 -0.203695 -0.133123  0.672689 -0.028143  0.232283  0.327934   0.22112  0.167499 -0.000111 -0.086503 -0.115403  0.258557 -0.351983
 0.452745         1  0.138741  0.255432  0.511873  0.195684 -0.006278 -0.416134 -0.312671 -0.981506  0.000668  0.640736  0.708225 -0.191322   0.29849
  0.53678 -0.315204 -0.621682 -0.811102 -0.000504  0.000227     5e-06   7.2e-05  -4.5e-05 -0.000113         0   8.4e-05     7e-06    -2e-05   2.8e-05
  0.35391  0.987065 -0.061087 -0.153439 -0.000443 -0.000171  0.000156  0.000116   6.6e-05   6.8e-05        -0   1.8e-05 -0.000131   2.2e-05  -3.5e-05
        0         0         0         0         0         0         0         0         0         0         0         0         0         0         0
        0         0         0         0         0         0         0         0         0         0         0         0         0         0         0
 0.569604 -0.097323 -0.331444  0.041199  0.296036 -0.270266  0.127828        -1  0.000166  0.263096 -0.000134  0.039229 -0.035182 -0.036278  0.002236
   0.5896  0.466148  0.206226  0.097362   0.74619         1  0.418992  0.010311        -1 -0.014027 -0.000143        -1 -0.531556 -0.019699  0.191939
        1  0.646419 -0.263034 -0.237205         1   0.14999        -1 -0.035286 -0.002364  0.023975         0  0.288608  -0.48895 -0.063912  0.055653
        0         0         0         0         0         0         0         0         0         0         0         0         0         0         0
 0.672854 -0.252719 -0.147292 -0.030637  0.845615 -0.003652   0.47562  0.612533   0.55422  0.211099 -0.000141 -0.077316 -0.180201 -0.993427         1
 0.232114  0.735064 -0.200916 -0.361691 -0.177687  0.052599 -0.719128 -0.375134  -0.32194  0.274811 -0.000223 -0.914389         1  0.645626 -0.624932
 0.492603 -0.322598  0.084137  -0.04492  0.172365 -0.964483  0.001941  0.599561 -0.553089   0.29372 -0.166284  0.270539   0.12599        -1 -0.965141
 0.331422 -0.221906  0.598909 -0.484366  0.099539 -0.556888  0.001122  0.345995 -0.319268  0.168113        -1   0.15651  0.072797  -0.57731 -0.557191

